q013.GSM_C-C_stuff.tsq0007.xyz.inp.out
-84.800 50.000
-14.920 50.000
-6.860 50.000
14.180 50.000
16.440 50.000
18.790 50.000
22.870 50.000
28.390 50.000
32.100 50.000
33.900 50.000
34.960 50.000
39.100 50.000
42.680 50.000
46.330 50.000
47.160 50.000

q001.pentaf.redo.8.3.3.activated.inp.out
-32.780 50.000
-15.210 50.000
15.820 50.000
19.350 50.000
25.700 50.000
30.300 50.000
39.480 50.000
44.840 50.000

q001.Pka10_Ni_DEPP2^0_1.xyz.inp.out
17.850 50.000
27.420 50.000
37.030 50.000
48.840 50.000

q156.run.7-2.27.last.inp.out
46.800 50.000

